{"covariance": [[4.515434468794467e-06, -1.3436789865803668e-08, 6.270328228431508e-06, 4.835255539574917e-06, 3.4222973688968842e-06, 2.9184679184659037e-06, 2.204532904681186e-06, 1.7898007238941949e-06, 1.670518533561193e-06, 1.449772426137058e-06, 1.2219087591329194e-06, 1.136384996718396e-06, 1.0930257475739534e-06, 1.2079336828673822e-06, 1.1021867139727131e-06, 1.1924102628847121e-06, 1.4752421316230466e-06, 1.4252601857310972e-06, 1.8863169810612751e-06, 2.2496778107624508e-06, 6.927638477021133e-06], [-1.3436789865803668e-08, 3.0998791716077443e-09, -1.1567881635356277e-06, -2.534967040961358e-07, -1.619995781807229e-07, -8.833233685154193e-08, -3.059037082060476e-08, 1.4769967779606753e-08, 4.8463174560923433e-08, 5.679943202246572e-08, 9.232419244394206e-08, 8.824654779658975e-08, 8.329834257040671e-08, 9.571426819956676e-08, 1.1282355119045272e-07, 1.1746795731735607e-07, 6.933133119861486e-08, 2.0983927627239108e-07, 5.3012180083278714e-08, 1.0837878801256389e-07, -1.195638584489267e-07], [6.270328228431508e-06, -1.1567881635356277e-06, 0.04969548988732707, -0.010483743943736717, 0.005202223856240033, -0.0014357149291093492, 0.0010880777358989924, -0.00019136059387955308, -0.00016977483876525558, 5.711501261421471e-05, -0.0004715309793434755, 0.00012894387785634305, 3.3405286090239176e-06, -0.0001509877991779293, -8.224027004621907e-05, 0.00031414429679789955, 0.0004091014876027167, -0.0004717073236042234, 0.0017410567821422593, 0.002283776679709383, 0.003097249447294583], [4.835255539574917e-06, -2.534967040961358e-07, -0.010483743943736717, 0.005293766096908164, -0.0007870261527944301, 0.0012437199273571647, 0.0001229772725167912, 0.0003952477425460379, 0.00023730721485930306, 0.00018789513987502765, 0.00020030395336160357, 0.00011394850276573821, 0.0001727949022429365, 0.00020891020984248137, 0.00015224049613656748, 0.00012449998920013004, 0.0002600149382502014, 0.00013313015468135916, 7.118945891068178e-05, -4.263534937045866e-05, -4.2541872655840084e-05], [3.4222973688968842e-06, -1.619995781807229e-07, 0.005202223856240033, -0.0007870261527944301, 0.001250604902124153, 0.00011650931354003831, 0.0004731199568174272, 0.0002513287171622076, 0.00025375557886504453, 0.000237802146195491, 0.00020798259350210163, 0.00020568153950740762, 0.00023142781529552326, 0.00023572858125653598, 0.00021467252999130728, 0.00021630131645661464, 0.0003110162124861163, 0.00015090848345065592, 0.0002749107138187588, 0.00022023291503050777, 0.0002718732366668695], [2.9184679184659037e-06, -8.833233685154193e-08, -0.0014357149291093492, 0.0012437199273571647, 0.00011650931354003831, 0.0007094640882709463, 0.0002119279695360641, 0.0003362968053838672, 0.0002690805213805514, 0.0002587920615044048, 0.0002593463424497113, 0.0002284146508798528, 0.0002585526224450627, 0.000265122020649333, 0.0002519801978042191, 0.0002283201835252614, 0.0003100974907322559, 0.0002082272634472238, 0.00021484850048985988, 0.00013583629672045451, 0.00014720876345396036], [2.204532904681186e-06, -3.059037082060476e-08, 0.0010880777358989924, 0.0001229772725167912, 0.0004731199568174272, 0.0002119279695360641, 0.0005657010661303432, 0.0002206501560875214, 0.0003106499311608634, 0.00027083472391941266, 0.0002847448463896471, 0.00026164625939196595, 0.0002870411806451888, 0.0002883254214063655, 0.0002875072687760588, 0.00026548008883938367, 0.00033105165138998276, 0.0002502479671851322, 0.0002592438217106573, 0.00019264037699106431, 0.00020034310200773702], [1.7898007238941949e-06, 1.4769967779606753e-08, -0.00019136059387955308, 0.0003952477425460379, 0.0002513287171622076, 0.0003362968053838672, 0.0002206501560875214, 0.0005544564304563253, 0.00021980767791517945, 0.0003230064172975287, 0.0002989492091605577, 0.00029211389750677814, 0.00031233749131574746, 0.0003162725445246292, 0.00032345735390566224, 0.00030131251763345485, 0.0003530639882549098, 0.0003105143362473782, 0.00028664702375788326, 0.00022936900718068147, 0.00022161769881846915], [1.670518533561193e-06, 4.8463174560923433e-08, -0.00016977483876525558, 0.00023730721485930306, 0.00025375557886504453, 0.0002690805213805514, 0.0003106499311608634, 0.00021980767791517945, 0.0005902428394781879, 0.00021059259349295035, 0.0003643108550338251, 0.00029534734861372676, 0.00033299412811462164, 0.0003362734994836259, 0.0003505390501859626, 0.00032543257030155447, 0.00036660324761895725, 0.00036290021789564113, 0.0002958736506299998, 0.00024334082150803842, 0.00021896106800004585], [1.449772426137058e-06, 5.679943202246572e-08, 5.711501261421471e-05, 0.00018789513987502765, 0.000237802146195491, 0.0002587920615044048, 0.00027083472391941266, 0.0003230064172975287, 0.00021059259349295035, 0.0006085411458012056, 0.000228193604512628, 0.0003564745483822749, 0.00033585972816484134, 0.0003516972367807381, 0.00036796621971050224, 0.00036488406056979744, 0.000395805350066174, 0.000392253210232883, 0.0003881130190408111, 0.0003695438079329159, 0.00036411660675937294], [1.2219087591329194e-06, 9.232419244394206e-08, -0.0004715309793434755, 0.00020030395336160357, 0.00020798259350210163, 0.0002593463424497113, 0.0002847448463896471, 0.0002989492091605577, 0.0003643108550338251, 0.000228193604512628, 0.0006960012888171944, 0.0002405107615129596, 0.0004014903975106614, 0.000372986585840167, 0.0004103794870592425, 0.00038712592362735574, 0.0004136600584395737, 0.00046955361108967766, 0.0003587733700693832, 0.0003275943615083287, 0.0002833511688063655], [1.136384996718396e-06, 8.824654779658975e-08, 0.00012894387785634305, 0.00011394850276573821, 0.00020568153950740762, 0.0002284146508798528, 0.00026164625939196595, 0.00029211389750677814, 0.00029534734861372676, 0.0003564745483822749, 0.0002405107615129596, 0.0007416454517395516, 0.000268432399436232, 0.0004334382611296081, 0.00040988283208864677, 0.0004512431629052053, 0.00045508723954854004, 0.0005045989706474123, 0.0005243877058160715, 0.0005592627615576363, 0.0005569884963865624], [1.0930257475739534e-06, 8.329834257040671e-08, 3.3405286090239176e-06, 0.0001727949022429365, 0.00023142781529552326, 0.0002585526224450627, 0.0002870411806451888, 0.00031233749131574746, 0.00033299412811462164, 0.00033585972816484134, 0.0004014903975106614, 0.000268432399436232, 0.0007938495039844785, 0.0002780573456645317, 0.0004967002283801729, 0.0004484116011765796, 0.0004827063967614793, 0.0005343579356455428, 0.0005216902229825248, 0.0005443024416659472, 0.0005299840014958389], [1.2079336828673822e-06, 9.571426819956676e-08, -0.0001509877991779293, 0.00020891020984248137, 0.00023572858125653598, 0.000265122020649333, 0.0002883254214063655, 0.0003162725445246292, 0.0003362734994836259, 0.0003516972367807381, 0.000372986585840167, 0.0004334382611296081, 0.0002780573456645317, 0.0008792566922151267, 0.00032166866520809916, 0.0005407953901269466, 0.0004883500755219212, 0.0006020645402920626, 0.0005494547038682717, 0.0005886937367410506, 0.0005611050753067813], [1.1021867139727131e-06, 1.1282355119045272e-07, -8.224027004621907e-05, 0.00015224049613656748, 0.00021467252999130728, 0.0002519801978042191, 0.0002875072687760588, 0.00032345735390566224, 0.0003505390501859626, 0.00036796621971050224, 0.0004103794870592425, 0.00040988283208864677, 0.0004967002283801729, 0.00032166866520809916, 0.0011847350701099152, 0.0003279409625991238, 0.0006124868284014986, 0.0006349915527424458, 0.0006345728592693197, 0.0006818983777738552, 0.0006577820718230359], [1.1924102628847121e-06, 1.1746795731735607e-07, 0.00031414429679789955, 0.00012449998920013004, 0.00021630131645661464, 0.0002283201835252614, 0.00026548008883938367, 0.00030131251763345485, 0.00032543257030155447, 0.00036488406056979744, 0.00038712592362735574, 0.0004512431629052053, 0.0004484116011765796, 0.0005407953901269466, 0.0003279409625991238, 0.0014025243875748633, 0.0003488524591040499, 0.0008531511573962501, 0.0007639077819793023, 0.0009452851631657469, 0.000938338653832795], [1.4752421316230466e-06, 6.933133119861486e-08, 0.0004091014876027167, 0.0002600149382502014, 0.0003110162124861163, 0.0003100974907322559, 0.00033105165138998276, 0.0003530639882549098, 0.00036660324761895725, 0.000395805350066174, 0.0004136600584395737, 0.00045508723954854004, 0.0004827063967614793, 0.0004883500755219212, 0.0006124868284014986, 0.0003488524591040499, 0.0014978415239284093, 0.00034399893562124686, 0.0008725383478640915, 0.0007995573184499383, 0.0008265705358957074], [1.4252601857310972e-06, 2.0983927627239108e-07, -0.0004717073236042234, 0.00013313015468135916, 0.00015090848345065592, 0.0002082272634472238, 0.0002502479671851322, 0.0003105143362473782, 0.00036290021789564113, 0.000392253210232883, 0.00046955361108967766, 0.0005045989706474123, 0.0005343579356455428, 0.0006020645402920626, 0.0006349915527424458, 0.0008531511573962501, 0.00034399893562124686, 0.0022646330977613843, 0.00047084501450106583, 0.0012174199215160282, 0.0010736693548256424], [1.8863169810612751e-06, 5.3012180083278714e-08, 0.0017410567821422593, 7.118945891068178e-05, 0.0002749107138187588, 0.00021484850048985988, 0.0002592438217106573, 0.00028664702375788326, 0.0002958736506299998, 0.0003881130190408111, 0.0003587733700693832, 0.0005243877058160715, 0.0005216902229825248, 0.0005494547038682717, 0.0006345728592693197, 0.0007639077819793023, 0.0008725383478640915, 0.00047084501450106583, 0.0031724479373693507, 0.0009309864944567991, 0.0013874091590284174], [2.2496778107624508e-06, 1.0837878801256389e-07, 0.002283776679709383, -4.263534937045866e-05, 0.00022023291503050777, 0.00013583629672045451, 0.00019264037699106431, 0.00022936900718068147, 0.00024334082150803842, 0.0003695438079329159, 0.0003275943615083287, 0.0005592627615576363, 0.0005443024416659472, 0.0005886937367410506, 0.0006818983777738552, 0.0009452851631657469, 0.0007995573184499383, 0.0012174199215160282, 0.0009309864944567991, 0.004110956858243726, 0.0029924546693779657], [6.927638477021133e-06, -1.195638584489267e-07, 0.003097249447294583, -4.2541872655840084e-05, 0.0002718732366668695, 0.00014720876345396036, 0.00020034310200773702, 0.00022161769881846915, 0.00021896106800004585, 0.00036411660675937294, 0.0002833511688063655, 0.0005569884963865624, 0.0005299840014958389, 0.0005611050753067813, 0.0006577820718230359, 0.000938338653832795, 0.0008265705358957074, 0.0010736693548256424, 0.0013874091590284174, 0.0029924546693779657, 0.0031425895420693598]], "errorsdict": {"survival_probability.SinSq2Theta13": 0.002124955168655204, "survival_probability.DeltaMSq32": 5.5676558546732615e-05, "neutrino_per_fission_factor.spec_scale_00": 0.22292485255647712, "neutrino_per_fission_factor.spec_scale_01": 0.07275827167345417, "neutrino_per_fission_factor.spec_scale_02": 0.03536389263251647, "neutrino_per_fission_factor.spec_scale_03": 0.02663576708621222, "neutrino_per_fission_factor.spec_scale_04": 0.02378447111310956, "neutrino_per_fission_factor.spec_scale_05": 0.023546898531575773, "neutrino_per_fission_factor.spec_scale_06": 0.024294913860275113, "neutrino_per_fission_factor.spec_scale_07": 0.02466862675142671, "neutrino_per_fission_factor.spec_scale_08": 0.02638183634277937, "neutrino_per_fission_factor.spec_scale_09": 0.027233168228091853, "neutrino_per_fission_factor.spec_scale_10": 0.02817533502878854, "neutrino_per_fission_factor.spec_scale_11": 0.029652262851511464, "neutrino_per_fission_factor.spec_scale_12": 0.034419980681428555, "neutrino_per_fission_factor.spec_scale_13": 0.03745029222282335, "neutrino_per_fission_factor.spec_scale_14": 0.03870195762398085, "neutrino_per_fission_factor.spec_scale_15": 0.04758816131940154, "neutrino_per_fission_factor.spec_scale_16": 0.05632448790152779, "neutrino_per_fission_factor.spec_scale_17": 0.06411674397724612, "neutrino_per_fission_factor.spec_scale_18": 0.05605880432250905}, "fun": 444.65818033025795, "names": ["survival_probability.SinSq2Theta13", "survival_probability.DeltaMSq32", "neutrino_per_fission_factor.spec_scale_00", "neutrino_per_fission_factor.spec_scale_01", "neutrino_per_fission_factor.spec_scale_02", "neutrino_per_fission_factor.spec_scale_03", "neutrino_per_fission_factor.spec_scale_04", "neutrino_per_fission_factor.spec_scale_05", "neutrino_per_fission_factor.spec_scale_06", "neutrino_per_fission_factor.spec_scale_07", "neutrino_per_fission_factor.spec_scale_08", "neutrino_per_fission_factor.spec_scale_09", "neutrino_per_fission_factor.spec_scale_10", "neutrino_per_fission_factor.spec_scale_11", "neutrino_per_fission_factor.spec_scale_12", "neutrino_per_fission_factor.spec_scale_13", "neutrino_per_fission_factor.spec_scale_14", "neutrino_per_fission_factor.spec_scale_15", "neutrino_per_fission_factor.spec_scale_16", "neutrino_per_fission_factor.spec_scale_17", "neutrino_per_fission_factor.spec_scale_18"], "nfev": 863, "npars": 21, "success": true, "x": [0.08528433347730188, 0.0024264331417596643, 0.055855694065090805, 0.041625226680992534, 0.03990395458457349, 0.0439379274796735, 0.04659202409975974, 0.04421612010912531, 0.05518251092959769, 0.05812627544979923, 0.05339743253496479, 0.0704934309925296, 0.06019538010216641, 0.07791206972321803, 0.07309247328230736, 0.09335320328000715, 0.09199899301918098, 0.1081622316109581, 0.11521141820647905, 0.154640595356922, 0.14216708717797577], "xdict": {"survival_probability.SinSq2Theta13": 0.08528433347730188, "survival_probability.DeltaMSq32": 0.0024264331417596643, "neutrino_per_fission_factor.spec_scale_00": 0.055855694065090805, "neutrino_per_fission_factor.spec_scale_01": 0.041625226680992534, "neutrino_per_fission_factor.spec_scale_02": 0.03990395458457349, "neutrino_per_fission_factor.spec_scale_03": 0.0439379274796735, "neutrino_per_fission_factor.spec_scale_04": 0.04659202409975974, "neutrino_per_fission_factor.spec_scale_05": 0.04421612010912531, "neutrino_per_fission_factor.spec_scale_06": 0.05518251092959769, "neutrino_per_fission_factor.spec_scale_07": 0.05812627544979923, "neutrino_per_fission_factor.spec_scale_08": 0.05339743253496479, "neutrino_per_fission_factor.spec_scale_09": 0.0704934309925296, "neutrino_per_fission_factor.spec_scale_10": 0.06019538010216641, "neutrino_per_fission_factor.spec_scale_11": 0.07791206972321803, "neutrino_per_fission_factor.spec_scale_12": 0.07309247328230736, "neutrino_per_fission_factor.spec_scale_13": 0.09335320328000715, "neutrino_per_fission_factor.spec_scale_14": 0.09199899301918098, "neutrino_per_fission_factor.spec_scale_15": 0.1081622316109581, "neutrino_per_fission_factor.spec_scale_16": 0.11521141820647905, "neutrino_per_fission_factor.spec_scale_17": 0.154640595356922, "neutrino_per_fission_factor.spec_scale_18": 0.14216708717797577}}