{"covariance": [[4.874641284592846e-06, -9.197604248729175e-09, 4.84286436051885e-06, 4.652230865587656e-06, 3.3755247016354833e-06, 2.8563428684494583e-06, 2.2896926918921723e-06, 1.9315269670712437e-06, 1.6657191307463912e-06, 1.4605498312306708e-06, 1.3538922917090358e-06, 1.1953094153057151e-06, 1.2110560975302297e-06, 1.2873662394094582e-06, 1.148984461520055e-06, 1.2986098452563128e-06, 1.435569323768941e-06, 1.631439660358559e-06, 2.070589719655548e-06, 2.6087428337194507e-06, 7.348934225210594e-06], [-9.197604248729175e-09, 3.129830995887069e-09, -1.1530724619542637e-06, -2.859757236022546e-07, -1.745052917660771e-07, -1.0149504327261026e-07, -4.37114874151827e-08, 4.9180086746610905e-09, 4.25418128011085e-08, 5.1209839485666376e-08, 8.802009926503976e-08, 8.710213548217856e-08, 8.166551461672157e-08, 9.356653056003115e-08, 1.1238524013961055e-07, 1.223553626090957e-07, 6.130676888957262e-08, 2.1699301780412467e-07, 7.877820040180524e-08, 1.2870626760507786e-07, -1.2409507648387529e-07], [4.84286436051885e-06, -1.1530724619542637e-06, 0.05446715300213904, -0.011309440755631473, 0.005685682233413166, -0.0015173891679602074, 0.0012269277234586242, -0.0001604473217708022, -0.00014349215845626753, 0.00011878709216160026, -0.00046668399610171686, 0.00020971240148463726, 7.873544094583118e-05, -9.708416600124341e-05, -3.7332309508342617e-06, 0.0004662601892045457, 0.0005774193090878034, -0.00041789470192373515, 0.0022314024671598043, 0.003037193028225913, 0.003939779703893133], [4.652230865587656e-06, -2.859757236022546e-07, -0.011309440755631473, 0.00574906776123565, -0.0008186717035030813, 0.0013744287708021593, 0.00016218972868897787, 0.00045328966896379837, 0.0002864817298579268, 0.00023198520734935875, 0.0002452121278218512, 0.00015472023455454948, 0.00021925071366636818, 0.0002656441679501977, 0.00020298834299183245, 0.00017823560729252175, 0.00033605909455633465, 0.0001946015306352224, 0.00012604473273580087, -7.026346296544871e-06, -6.643254307898262e-06], [3.3755247016354833e-06, -1.745052917660771e-07, 0.005685682233413166, -0.0008186717035030813, 0.001377337002081245, 0.00015378700713322325, 0.0005411199433640418, 0.0003014620593075174, 0.00030765431539934686, 0.00029283616169067494, 0.00025978828267500954, 0.0002645102099593725, 0.0002923665138624783, 0.0003043288752301183, 0.0002836661975934741, 0.00029605784725855505, 0.00040514328959687324, 0.00023231670263000842, 0.0003859879926626434, 0.00033977573804353, 0.0003938536577238015], [2.8563428684494583e-06, -1.0149504327261026e-07, -0.0015173891679602074, 0.0013744287708021593, 0.00015378700713322325, 0.0007990206708008765, 0.00025971310741267393, 0.00039447178888189977, 0.0003264923225175347, 0.0003169471211156635, 0.00031750139025807914, 0.0002911976397602827, 0.00032329917410871956, 0.0003387058089915864, 0.00032644884097002204, 0.00031081598451753996, 0.000405242240378986, 0.0002987500834567118, 0.00031553924952986345, 0.0002347457845225439, 0.0002441426682422897], [2.2896926918921723e-06, -4.37114874151827e-08, 0.0012269277234586242, 0.00016218972868897787, 0.0005411199433640418, 0.00025971310741267393, 0.0006479696138328788, 0.00027139182976641183, 0.00037476748662376106, 0.0003338242783557418, 0.0003488221028803478, 0.0003323466547148869, 0.00035897106064809004, 0.0003692787483530733, 0.0003713316119850581, 0.00035916484192061204, 0.0004346868531239951, 0.00035428896362392227, 0.00037620623739850615, 0.00031321737510026126, 0.00031784513087175715], [1.9315269670712437e-06, 4.9180086746610905e-09, -0.0001604473217708022, 0.00045328966896379837, 0.0003014620593075174, 0.00039447178888189977, 0.00027139182976641183, 0.0006373165699806566, 0.0002762223385028217, 0.0003924429342950666, 0.00036627943013485087, 0.000368589903525189, 0.0003892123369273091, 0.00040328791126381593, 0.00041467959854233407, 0.0004041705285242286, 0.000463170719007138, 0.00042902214989114007, 0.00041480114930792666, 0.00036515914158981734, 0.00035126797085606904], [1.6657191307463912e-06, 4.25418128011085e-08, -0.00014349215845626753, 0.0002864817298579268, 0.00030765431539934686, 0.0003264923225175347, 0.00037476748662376106, 0.0002762223385028217, 0.0006933092234840823, 0.0002748841926567656, 0.00044505019341992195, 0.0003796726692459665, 0.0004193640120512071, 0.00043377533900945176, 0.00045349234827614794, 0.00044075739256038465, 0.00048779285064648627, 0.0005001664129223539, 0.000436007909943497, 0.00039215971375527856, 0.00035783288128142645], [1.4605498312306708e-06, 5.1209839485666376e-08, 0.00011878709216160026, 0.00023198520734935875, 0.00029283616169067494, 0.0003169471211156635, 0.0003338242783557418, 0.0003924429342950666, 0.0002748841926567656, 0.0007230545818403545, 0.00029745160888598087, 0.000452813171735442, 0.0004279883503863651, 0.00045663504760731105, 0.0004796816628630864, 0.0004941705460968573, 0.0005290343192166138, 0.000543936943066268, 0.000558398743448973, 0.0005634681967280953, 0.0005492633282603798], [1.3538922917090358e-06, 8.802009926503976e-08, -0.00046668399610171686, 0.0002452121278218512, 0.00025978828267500954, 0.00031750139025807914, 0.0003488221028803478, 0.00036627943013485087, 0.00044505019341992195, 0.00029745160888598087, 0.0008198557033210494, 0.00032435961422518474, 0.0005012158627638605, 0.00048191886278977806, 0.000528198041585918, 0.0005210666075885457, 0.0005502674530225779, 0.0006359468618653624, 0.0005246296110732928, 0.0005117346890705961, 0.0004528642438723263], [1.1953094153057151e-06, 8.710213548217856e-08, 0.00020971240148463726, 0.00015472023455454948, 0.0002645102099593725, 0.0002911976397602827, 0.0003323466547148869, 0.000368589903525189, 0.0003796726692459665, 0.000452813171735442, 0.00032435961422518474, 0.0009081619758135607, 0.0003660534208407728, 0.0005667603264562317, 0.0005461920811827601, 0.0006163138012715012, 0.0006191401865398583, 0.000702529657395549, 0.0007525538456585289, 0.00083460958096771, 0.000820259608947162], [1.2110560975302297e-06, 8.166551461672157e-08, 7.873544094583118e-05, 0.00021925071366636818, 0.0002923665138624783, 0.00032329917410871956, 0.00035897106064809004, 0.0003892123369273091, 0.0004193640120512071, 0.0004279883503863651, 0.0005012158627638605, 0.0003660534208407728, 0.0009602768974406465, 0.000387676360025226, 0.0006419855548211882, 0.0006112942085982281, 0.000648655460816085, 0.0007345791757600669, 0.0007475117731183451, 0.0008142389406832274, 0.0007864809883907016], [1.2873662394094582e-06, 9.356653056003115e-08, -9.708416600124341e-05, 0.0002656441679501977, 0.0003043288752301183, 0.0003387058089915864, 0.0003692787483530733, 0.00040328791126381593, 0.00043377533900945176, 0.00045663504760731105, 0.00048191886278977806, 0.0005667603264562317, 0.000387676360025226, 0.00109506994431007, 0.00045699493816868104, 0.0007355221580705993, 0.000672913312098909, 0.000835841428711627, 0.0008016517563833325, 0.0008916552632456873, 0.000846111487682266], [1.148984461520055e-06, 1.1238524013961055e-07, -3.7332309508342617e-06, 0.00020298834299183245, 0.0002836661975934741, 0.00032644884097002204, 0.0003713316119850581, 0.00041467959854233407, 0.00045349234827614794, 0.0004796816628630864, 0.000528198041585918, 0.0005461920811827601, 0.0006419855548211882, 0.00045699493816868104, 0.0014679788528034375, 0.0004969144076873403, 0.0008264727784432679, 0.0008870981003890979, 0.0009195025137509254, 0.0010273529667994866, 0.00098456806160431], [1.2986098452563128e-06, 1.223553626090957e-07, 0.0004662601892045457, 0.00017823560729252175, 0.00029605784725855505, 0.00031081598451753996, 0.00035916484192061204, 0.0004041705285242286, 0.00044075739256038465, 0.0004941705460968573, 0.0005210666075885457, 0.0006163138012715012, 0.0006112942085982281, 0.0007355221580705993, 0.0004969144076873403, 0.0018121829851929076, 0.0005480044038266185, 0.0011891762495335168, 0.0011282858588223268, 0.0014193617055899032, 0.001391706292923565], [1.435569323768941e-06, 6.130676888957262e-08, 0.0005774193090878034, 0.00033605909455633465, 0.00040514328959687324, 0.000405242240378986, 0.0004346868531239951, 0.000463170719007138, 0.00048779285064648627, 0.0005290343192166138, 0.0005502674530225779, 0.0006191401865398583, 0.000648655460816085, 0.000672913312098909, 0.0008264727784432679, 0.0005480044038266185, 0.0019261539752196948, 0.0005716095488433468, 0.0012510208787834978, 0.0012273951220942002, 0.0012428635081080726], [1.631439660358559e-06, 2.1699301780412467e-07, -0.00041789470192373515, 0.0001946015306352224, 0.00023231670263000842, 0.0002987500834567118, 0.00035428896362392227, 0.00042902214989114007, 0.0005001664129223539, 0.000543936943066268, 0.0006359468618653624, 0.000702529657395549, 0.0007345791757600669, 0.000835841428711627, 0.0008870981003890979, 0.0011891762495335168, 0.0005716095488433468, 0.002978477851787511, 0.0008147832005689082, 0.001821450848872243, 0.0016236572414983703], [2.070589719655548e-06, 7.877820040180524e-08, 0.0022314024671598043, 0.00012604473273580087, 0.0003859879926626434, 0.00031553924952986345, 0.00037620623739850615, 0.00041480114930792666, 0.000436007909943497, 0.000558398743448973, 0.0005246296110732928, 0.0007525538456585289, 0.0007475117731183451, 0.0008016517563833325, 0.0009195025137509254, 0.0011282858588223268, 0.0012510208787834978, 0.0008147832005689082, 0.004309762965065267, 0.0015807170065607356, 0.002113872895427852], [2.6087428337194507e-06, 1.2870626760507786e-07, 0.003037193028225913, -7.026346296544871e-06, 0.00033977573804353, 0.0002347457845225439, 0.00031321737510026126, 0.00036515914158981734, 0.00039215971375527856, 0.0005634681967280953, 0.0005117346890705961, 0.00083460958096771, 0.0008142389406832274, 0.0008916552632456873, 0.0010273529667994866, 0.0014193617055899032, 0.0012273951220942002, 0.001821450848872243, 0.0015807170065607356, 0.005922298850999751, 0.004426094716782908], [7.348934225210594e-06, -1.2409507648387529e-07, 0.003939779703893133, -6.643254307898262e-06, 0.0003938536577238015, 0.0002441426682422897, 0.00031784513087175715, 0.00035126797085606904, 0.00035783288128142645, 0.0005492633282603798, 0.0004528642438723263, 0.000820259608947162, 0.0007864809883907016, 0.000846111487682266, 0.00098456806160431, 0.001391706292923565, 0.0012428635081080726, 0.0016236572414983703, 0.002113872895427852, 0.004426094716782908, 0.004532510634037891]], "errorsdict": {"survival_probability.SinSq2Theta13": 0.0022078589820441084, "survival_probability.DeltaMSq32": 5.594489249151408e-05, "neutrino_per_fission_factor.spec_scale_00": 0.23338198945535416, "neutrino_per_fission_factor.spec_scale_01": 0.0758226071909668, "neutrino_per_fission_factor.spec_scale_02": 0.03711249118667791, "neutrino_per_fission_factor.spec_scale_03": 0.028266953688023698, "neutrino_per_fission_factor.spec_scale_04": 0.025455247275029146, "neutrino_per_fission_factor.spec_scale_05": 0.025245129628913704, "neutrino_per_fission_factor.spec_scale_06": 0.026330765721567655, "neutrino_per_fission_factor.spec_scale_07": 0.02688967426058476, "neutrino_per_fission_factor.spec_scale_08": 0.028633122486397627, "neutrino_per_fission_factor.spec_scale_09": 0.03013572590487179, "neutrino_per_fission_factor.spec_scale_10": 0.030988334860728585, "neutrino_per_fission_factor.spec_scale_11": 0.033091841053499424, "neutrino_per_fission_factor.spec_scale_12": 0.038314212151673396, "neutrino_per_fission_factor.spec_scale_13": 0.042569742601910425, "neutrino_per_fission_factor.spec_scale_14": 0.04388797073481177, "neutrino_per_fission_factor.spec_scale_15": 0.05457543267613653, "neutrino_per_fission_factor.spec_scale_16": 0.06564878494736416, "neutrino_per_fission_factor.spec_scale_17": 0.07695647374327745, "neutrino_per_fission_factor.spec_scale_18": 0.06732392319256128}, "fun": 0.0, "names": ["survival_probability.SinSq2Theta13", "survival_probability.DeltaMSq32", "neutrino_per_fission_factor.spec_scale_00", "neutrino_per_fission_factor.spec_scale_01", "neutrino_per_fission_factor.spec_scale_02", "neutrino_per_fission_factor.spec_scale_03", "neutrino_per_fission_factor.spec_scale_04", "neutrino_per_fission_factor.spec_scale_05", "neutrino_per_fission_factor.spec_scale_06", "neutrino_per_fission_factor.spec_scale_07", "neutrino_per_fission_factor.spec_scale_08", "neutrino_per_fission_factor.spec_scale_09", "neutrino_per_fission_factor.spec_scale_10", "neutrino_per_fission_factor.spec_scale_11", "neutrino_per_fission_factor.spec_scale_12", "neutrino_per_fission_factor.spec_scale_13", "neutrino_per_fission_factor.spec_scale_14", "neutrino_per_fission_factor.spec_scale_15", "neutrino_per_fission_factor.spec_scale_16", "neutrino_per_fission_factor.spec_scale_17", "neutrino_per_fission_factor.spec_scale_18"], "nfev": 1200, "npars": 21, "success": true, "x": [0.0856, 0.002453, 0.0, 0.0, 0.0, 0.0, 0.0, 0.0, 0.0, 0.0, 0.0, 0.0, 0.0, 0.0, 0.0, 0.0, 0.0, 0.0, 0.0, 0.0, 0.0], "xdict": {"survival_probability.SinSq2Theta13": 0.0856, "survival_probability.DeltaMSq32": 0.002453, "neutrino_per_fission_factor.spec_scale_00": 0.0, "neutrino_per_fission_factor.spec_scale_01": 0.0, "neutrino_per_fission_factor.spec_scale_02": 0.0, "neutrino_per_fission_factor.spec_scale_03": 0.0, "neutrino_per_fission_factor.spec_scale_04": 0.0, "neutrino_per_fission_factor.spec_scale_05": 0.0, "neutrino_per_fission_factor.spec_scale_06": 0.0, "neutrino_per_fission_factor.spec_scale_07": 0.0, "neutrino_per_fission_factor.spec_scale_08": 0.0, "neutrino_per_fission_factor.spec_scale_09": 0.0, "neutrino_per_fission_factor.spec_scale_10": 0.0, "neutrino_per_fission_factor.spec_scale_11": 0.0, "neutrino_per_fission_factor.spec_scale_12": 0.0, "neutrino_per_fission_factor.spec_scale_13": 0.0, "neutrino_per_fission_factor.spec_scale_14": 0.0, "neutrino_per_fission_factor.spec_scale_15": 0.0, "neutrino_per_fission_factor.spec_scale_16": 0.0, "neutrino_per_fission_factor.spec_scale_17": 0.0, "neutrino_per_fission_factor.spec_scale_18": 0.0}, "errorsdict_profiled": {"survival_probability.DeltaMSq32": [-5.627593478207954e-05, 5.565648832785439e-05], "survival_probability.SinSq2Theta13": [-0.002209753537598595, 0.002206566685225504]}}