{"covariance": [[4.938222378321787e-06, -1.8534683056539762e-08, 8.382659896019066e-06, 5.248094790936849e-06, 3.6590880150891016e-06, 2.7476166388807433e-06, 2.093570752183569e-06, 1.7210323923237156e-06, 1.250451944900035e-06, 1.4479113287648235e-06, 1.0985496246746213e-06, 8.221737260212392e-07, 1.147313278814256e-06, 9.336763462357621e-07, 6.342611032346445e-07, 9.347487129366693e-07, 1.0422325619045433e-06, 1.3834285412821361e-06, 2.3650254539204014e-06, 2.9034245912677174e-06, 8.270748521068997e-06], [-1.8534683056539762e-08, 3.3176363498703438e-09, -1.1516895373974556e-06, -2.886814369119534e-07, -1.5823158561996167e-07, -7.343434378619096e-08, -1.767464703980224e-08, 3.041247773955929e-08, 7.135854819009768e-08, 7.873085296133418e-08, 1.2316693401686853e-07, 1.0990760655541461e-07, 1.1603949211529406e-07, 1.2224011996091282e-07, 1.3254760995451506e-07, 1.4127067971287052e-07, 7.814909854017285e-08, 2.4961263754127603e-07, 9.903143270339948e-08, 1.2553790074066888e-07, -1.3068467695881813e-07], [8.382659896019066e-06, -1.1516895373974556e-06, 0.04015839022004688, -0.009934124716440633, 0.00458670396663776, -0.0013697345703798053, 0.0009518734213209211, -0.00021236872932480955, -0.00019318053084554565, 3.759160579447173e-05, -0.0004689392698766803, 0.00012027159718819735, -4.665412723282693e-06, -0.00014527054574744566, -7.158713021080239e-05, 0.0003247217362908313, 0.0004022163544403067, -0.0004033688012864436, 0.0017751078691332393, 0.002604223925490084, 0.003295078169795109], [5.248094790936849e-06, -2.886814369119534e-07, -0.009934124716440633, 0.006131601678741357, -0.0007458683871909904, 0.00145044187341001, 0.00020324836815198552, 0.0005074697236953208, 0.0003300924491607139, 0.0002661435126819381, 0.0002811015761152327, 0.00018375613893689715, 0.0002574505620500665, 0.0003025578050901449, 0.00023110880351054835, 0.00021024621651978578, 0.0003765986466132658, 0.00021229196569472707, 0.0001678082751494219, 2.7082353789583085e-05, 3.35984316786461e-05], [3.6590880150891016e-06, -1.5823158561996167e-07, 0.00458670396663776, -0.0007458683871909904, 0.0012412291562474576, 0.0001465742329867283, 0.0004960145916829627, 0.00028412039795339757, 0.0002925097504108509, 0.0002704760442241443, 0.00024265022808931492, 0.0002433833619034136, 0.00027402958899522506, 0.00028240659445968495, 0.00025481257082429916, 0.0002709167135611785, 0.000369058998196437, 0.00020288217988812573, 0.0003570247802205892, 0.00032776030766718553, 0.0003726868099956713], [2.7476166388807433e-06, -7.343434378619096e-08, -0.0013697345703798053, 0.00145044187341001, 0.0001465742329867283, 0.0007979465679384919, 0.00026036125929836096, 0.00040405748821750547, 0.0003377376736180547, 0.0003189369366004536, 0.00032444153592386325, 0.0002922523632679092, 0.0003308510625778542, 0.000342425941066722, 0.00032071422641120065, 0.00031027352524755483, 0.00040096531222773844, 0.0002878276477124246, 0.00031879048244337605, 0.0002450204248977552, 0.00025003537145257753], [2.093570752183569e-06, -1.767464703980224e-08, 0.0009518734213209211, 0.00020324836815198552, 0.0004960145916829627, 0.00026036125929836096, 0.0006101723115846172, 0.0002694167200459624, 0.0003717586235917298, 0.0003224170847372706, 0.0003422807901780794, 0.00031983472951494017, 0.00035239849128185035, 0.0003582867066358977, 0.00034970360112194165, 0.0003433585578925854, 0.0004123808862742039, 0.0003275748835499365, 0.00036295890283673997, 0.0003107535292527639, 0.0003094795066000594], [1.7210323923237156e-06, 3.041247773955929e-08, -0.00021236872932480955, 0.0005074697236953208, 0.00028412039795339757, 0.00040405748821750547, 0.0002694167200459624, 0.0006410987542841729, 0.000290340732731747, 0.00039260954233922787, 0.000374131471855085, 0.00036853217996360145, 0.00039724158578201545, 0.0004066243830947513, 0.0004057030776492532, 0.0004012982293171522, 0.0004566636106181096, 0.0004120773554693294, 0.00041595128501448707, 0.00037506057738966037, 0.0003548940009481941], [1.250451944900035e-06, 7.135854819009768e-08, -0.00019318053084554565, 0.0003300924491607139, 0.0002925097504108509, 0.0003377376736180547, 0.0003717586235917298, 0.000290340732731747, 0.0007068928417011407, 0.0002824570028884302, 0.00045678192229284357, 0.00038342123694263137, 0.00043188982270023565, 0.00044118658653249693, 0.000447805854397821, 0.00044177440131380015, 0.00048506718055338956, 0.0004854656404356792, 0.0004421188862500766, 0.00040646552618964286, 0.0003654326561735895], [1.4479113287648235e-06, 7.873085296133418e-08, 3.759160579447173e-05, 0.0002661435126819381, 0.0002704760442241443, 0.0003189369366004536, 0.0003224170847372706, 0.00039260954233922787, 0.0002824570028884302, 0.0007016725402697278, 0.00030011477984118, 0.0004427590736349968, 0.0004276289080593483, 0.0004507157035867912, 0.00045906702899701417, 0.0004798317502859091, 0.0005099953207724597, 0.0005119897786875996, 0.000545761229521113, 0.0005652051131208751, 0.0005408921651665292], [1.0985496246746213e-06, 1.2316693401686853e-07, -0.0004689392698766803, 0.0002811015761152327, 0.00024265022808931492, 0.00032444153592386325, 0.0003422807901780794, 0.000374131471855085, 0.00045678192229284357, 0.00030011477984118, 0.0008163089878447983, 0.0003269717696148985, 0.00050793199694552, 0.000483836381991158, 0.0005141291277527721, 0.000514857370196307, 0.0005394882014729686, 0.0006085671625082926, 0.0005243240787369306, 0.000521773771615837, 0.00045544892887550636], [8.221737260212392e-07, 1.0990760655541461e-07, 0.00012027159718819735, 0.00018375613893689715, 0.0002433833619034136, 0.0002922523632679092, 0.00031983472951494017, 0.00036853217996360145, 0.00038342123694263137, 0.0004427590736349968, 0.0003269717696148985, 0.0008758504930885204, 0.0003681430295034827, 0.000555886313615536, 0.0005206021512918951, 0.0005954248327460199, 0.0005940857628661624, 0.0006585851359168793, 0.0007299205253626523, 0.0008320707913761675, 0.0008020802879944098], [1.147313278814256e-06, 1.1603949211529406e-07, -4.665412723282693e-06, 0.0002574505620500665, 0.00027402958899522506, 0.0003308510625778542, 0.00035239849128185035, 0.00039724158578201545, 0.00043188982270023565, 0.0004276289080593483, 0.00050793199694552, 0.0003681430295034827, 0.0009547694254322892, 0.0003961089225691717, 0.0006223221257940332, 0.0006027173447035471, 0.0006345986513328163, 0.0007024684012017546, 0.0007392780918689557, 0.0008260276123292735, 0.0007826300424721085], [9.336763462357621e-07, 1.2224011996091282e-07, -0.00014527054574744566, 0.0003025578050901449, 0.00028240659445968495, 0.000342425941066722, 0.0003582867066358977, 0.0004066243830947513, 0.00044118658653249693, 0.0004507157035867912, 0.000483836381991158, 0.000555886313615536, 0.0003961089225691717, 0.001064303872001448, 0.0004441846636675548, 0.0007156522695973678, 0.0006516805016560087, 0.0007892952281437534, 0.0007868272592522661, 0.0008978133713046713, 0.0008378067880774305], [6.342611032346445e-07, 1.3254760995451506e-07, -7.158713021080239e-05, 0.00023110880351054835, 0.00025481257082429916, 0.00032071422641120065, 0.00034970360112194165, 0.0004057030776492532, 0.000447805854397821, 0.00045906702899701417, 0.0005141291277527721, 0.0005206021512918951, 0.0006223221257940332, 0.0004441846636675548, 0.0013478092908878363, 0.0004751861503090281, 0.0007725009455912641, 0.0008117558227522388, 0.0008701384083008955, 0.0009970056684032208, 0.0009381299297787795], [9.347487129366693e-07, 1.4127067971287052e-07, 0.0003247217362908313, 0.00021024621651978578, 0.0002709167135611785, 0.00031027352524755483, 0.0003433585578925854, 0.0004012982293171522, 0.00044177440131380015, 0.0004798317502859091, 0.000514857370196307, 0.0005954248327460199, 0.0006027173447035471, 0.0007156522695973678, 0.0004751861503090281, 0.001697937457887793, 0.0005321621522260783, 0.0011018954220425152, 0.001080781728566487, 0.0013975481978628795, 0.0013441322846812524], [1.0422325619045433e-06, 7.814909854017285e-08, 0.0004022163544403067, 0.0003765986466132658, 0.000369058998196437, 0.00040096531222773844, 0.0004123808862742039, 0.0004566636106181096, 0.00048506718055338956, 0.0005099953207724597, 0.0005394882014729686, 0.0005940857628661624, 0.0006345986513328163, 0.0006516805016560087, 0.0007725009455912641, 0.0005321621522260783, 0.0017837944994276453, 0.0005319018582153661, 0.0011872967104159928, 0.0012018712950045355, 0.0011925327304504014], [1.3834285412821361e-06, 2.4961263754127603e-07, -0.0004033688012864436, 0.00021229196569472707, 0.00020288217988812573, 0.0002878276477124246, 0.0003275748835499365, 0.0004120773554693294, 0.0004854656404356792, 0.0005119897786875996, 0.0006085671625082926, 0.0006585851359168793, 0.0007024684012017546, 0.0007892952281437534, 0.0008117558227522388, 0.0011018954220425152, 0.0005319018582153661, 0.002650818768156259, 0.0007816353402904905, 0.0017382392161702728, 0.0015286993064658196], [2.3650254539204014e-06, 9.903143270339948e-08, 0.0017751078691332393, 0.0001678082751494219, 0.0003570247802205892, 0.00031879048244337605, 0.00036295890283673997, 0.00041595128501448707, 0.0004421188862500766, 0.000545761229521113, 0.0005243240787369306, 0.0007299205253626523, 0.0007392780918689557, 0.0007868272592522661, 0.0008701384083008955, 0.001080781728566487, 0.0011872967104159928, 0.0007816353402904905, 0.004056154123814019, 0.001568284017224956, 0.0020211775895586756], [2.9034245912677174e-06, 1.2553790074066888e-07, 0.002604223925490084, 2.7082353789583085e-05, 0.00032776030766718553, 0.0002450204248977552, 0.0003107535292527639, 0.00037506057738966037, 0.00040646552618964286, 0.0005652051131208751, 0.000521773771615837, 0.0008320707913761675, 0.0008260276123292735, 0.0008978133713046713, 0.0009970056684032208, 0.0013975481978628795, 0.0012018712950045355, 0.0017382392161702728, 0.001568284017224956, 0.005914930749088324, 0.004419766773952576], [8.270748521068997e-06, -1.3068467695881813e-07, 0.003295078169795109, 3.35984316786461e-05, 0.0003726868099956713, 0.00025003537145257753, 0.0003094795066000594, 0.0003548940009481941, 0.0003654326561735895, 0.0005408921651665292, 0.00045544892887550636, 0.0008020802879944098, 0.0007826300424721085, 0.0008378067880774305, 0.0009381299297787795, 0.0013441322846812524, 0.0011925327304504014, 0.0015286993064658196, 0.0020211775895586756, 0.004419766773952576, 0.004402840691029186]], "errorsdict": {"survival_probability.SinSq2Theta13": 0.0022222111462059106, "survival_probability.DeltaMSq32": 5.759892663817915e-05, "neutrino_per_fission_factor.spec_scale_00": 0.2003955843327065, "neutrino_per_fission_factor.spec_scale_01": 0.07830454443224452, "neutrino_per_fission_factor.spec_scale_02": 0.035231082246327004, "neutrino_per_fission_factor.spec_scale_03": 0.02824794803058254, "neutrino_per_fission_factor.spec_scale_04": 0.02470166617021243, "neutrino_per_fission_factor.spec_scale_05": 0.025319928007089057, "neutrino_per_fission_factor.spec_scale_06": 0.026587456472952443, "neutrino_per_fission_factor.spec_scale_07": 0.026489102292635888, "neutrino_per_fission_factor.spec_scale_08": 0.028571121571348897, "neutrino_per_fission_factor.spec_scale_09": 0.029594771380913223, "neutrino_per_fission_factor.spec_scale_10": 0.030899343446621794, "neutrino_per_fission_factor.spec_scale_11": 0.032623670425037214, "neutrino_per_fission_factor.spec_scale_12": 0.03671252226268084, "neutrino_per_fission_factor.spec_scale_13": 0.04120603666803922, "neutrino_per_fission_factor.spec_scale_14": 0.042234991410294444, "neutrino_per_fission_factor.spec_scale_15": 0.05148610267010176, "neutrino_per_fission_factor.spec_scale_16": 0.06368794331593712, "neutrino_per_fission_factor.spec_scale_17": 0.07690858696587997, "neutrino_per_fission_factor.spec_scale_18": 0.06635390486647479}, "fun": 527.7174003512359, "names": ["survival_probability.SinSq2Theta13", "survival_probability.DeltaMSq32", "neutrino_per_fission_factor.spec_scale_00", "neutrino_per_fission_factor.spec_scale_01", "neutrino_per_fission_factor.spec_scale_02", "neutrino_per_fission_factor.spec_scale_03", "neutrino_per_fission_factor.spec_scale_04", "neutrino_per_fission_factor.spec_scale_05", "neutrino_per_fission_factor.spec_scale_06", "neutrino_per_fission_factor.spec_scale_07", "neutrino_per_fission_factor.spec_scale_08", "neutrino_per_fission_factor.spec_scale_09", "neutrino_per_fission_factor.spec_scale_10", "neutrino_per_fission_factor.spec_scale_11", "neutrino_per_fission_factor.spec_scale_12", "neutrino_per_fission_factor.spec_scale_13", "neutrino_per_fission_factor.spec_scale_14", "neutrino_per_fission_factor.spec_scale_15", "neutrino_per_fission_factor.spec_scale_16", "neutrino_per_fission_factor.spec_scale_17", "neutrino_per_fission_factor.spec_scale_18"], "nfev": 1039, "npars": 21, "success": true, "x": [0.08621155003016705, 0.0023857420975037613, 0.3651357729169459, -0.12245546949210863, 0.06865311097344003, -0.010762283995999378, 0.02974195343929418, -0.009400067165071486, -0.017008955845805543, 0.013173604124754233, -0.0030583968941525082, 0.017315185047601434, -0.002113245829649981, 0.009498338340784262, 0.040015893029269105, 0.02681715311390776, 0.03280543569062597, 0.060073768669265296, 0.020593561411199973, -0.0021509366568696307, 0.01679172034803149], "xdict": {"survival_probability.SinSq2Theta13": 0.08621155003016705, "survival_probability.DeltaMSq32": 0.0023857420975037613, "neutrino_per_fission_factor.spec_scale_00": 0.3651357729169459, "neutrino_per_fission_factor.spec_scale_01": -0.12245546949210863, "neutrino_per_fission_factor.spec_scale_02": 0.06865311097344003, "neutrino_per_fission_factor.spec_scale_03": -0.010762283995999378, "neutrino_per_fission_factor.spec_scale_04": 0.02974195343929418, "neutrino_per_fission_factor.spec_scale_05": -0.009400067165071486, "neutrino_per_fission_factor.spec_scale_06": -0.017008955845805543, "neutrino_per_fission_factor.spec_scale_07": 0.013173604124754233, "neutrino_per_fission_factor.spec_scale_08": -0.0030583968941525082, "neutrino_per_fission_factor.spec_scale_09": 0.017315185047601434, "neutrino_per_fission_factor.spec_scale_10": -0.002113245829649981, "neutrino_per_fission_factor.spec_scale_11": 0.009498338340784262, "neutrino_per_fission_factor.spec_scale_12": 0.040015893029269105, "neutrino_per_fission_factor.spec_scale_13": 0.02681715311390776, "neutrino_per_fission_factor.spec_scale_14": 0.03280543569062597, "neutrino_per_fission_factor.spec_scale_15": 0.060073768669265296, "neutrino_per_fission_factor.spec_scale_16": 0.020593561411199973, "neutrino_per_fission_factor.spec_scale_17": -0.0021509366568696307, "neutrino_per_fission_factor.spec_scale_18": 0.01679172034803149}}