{"covariance": [[4.882781233498253e-06, -9.169078511552743e-09, 4.89724192109794e-06, 4.7108425000294525e-06, 3.448628982833368e-06, 2.9308231329227645e-06, 2.3707727123170634e-06, 2.0260242855483353e-06, 1.762994526078472e-06, 1.563670139700059e-06, 1.4654275559636737e-06, 1.3241772345469495e-06, 1.342415624612902e-06, 1.426319351267714e-06, 1.2920459231143127e-06, 1.471643248425141e-06, 1.608661244134247e-06, 1.8344785749768845e-06, 2.304070242155123e-06, 2.8445680438307577e-06, 7.5738061902173275e-06], [-9.169078511552743e-09, 3.1303842244205494e-09, -1.1492993266482113e-06, -2.860079273174315e-07, -1.7425421823700105e-07, -1.0150210285120741e-07, -4.374431887651058e-08, 4.714255053496864e-09, 4.236964961635806e-08, 5.111289334288533e-08, 8.767918936830913e-08, 8.715585530448953e-08, 8.151709978840592e-08, 9.318215999049092e-08, 1.1193245616054048e-07, 1.223421128463759e-07, 6.076773172808809e-08, 2.1621234257338583e-07, 7.810729290423644e-08, 1.2883606480034094e-07, -1.2427645142229234e-07], [4.89724192109794e-06, -1.1492993266482113e-06, 0.0534857438886833, -0.010988124181953697, 0.0055638748117308534, -0.001462456843312144, 0.0012083353948889814, -0.00015292042415521894, -0.00013901211170552294, 0.00012045758109181238, -0.0004601327588395371, 0.0002128969382556657, 8.054585314964664e-05, -8.933313002237441e-05, 1.9286739593071946e-06, 0.0004651120474014001, 0.0005822326732167015, -0.00041046531944155225, 0.0022264391218231637, 0.003031790997746186, 0.0039329397189216105], [4.7108425000294525e-06, -2.860079273174315e-07, -0.010988124181953697, 0.005635102675769365, -0.0007738480727650629, 0.0013574284044559713, 0.00017081904196445825, 0.0004537064321854092, 0.0002878090459345838, 0.0002341505204851867, 0.0002470418963868511, 0.00015663396078741695, 0.00022173975192481117, 0.00026788426099439843, 0.00020568350936256392, 0.00018109667608398616, 0.00033907008617971627, 0.00019776863824204753, 0.00012945460116387452, -3.494228296290361e-06, -3.1938226436779176e-06], [3.448628982833368e-06, -1.7425421823700105e-07, 0.0055638748117308534, -0.0007738480727650629, 0.0013567504905645704, 0.00016443278612275183, 0.000539641190001736, 0.00030416631377158876, 0.0003099498485888782, 0.0002947312249415742, 0.0002624322968283003, 0.0002669479190273687, 0.00029507547253379573, 0.00030738602497191943, 0.00028693484937937643, 0.0002991272892010462, 0.00040874353235828055, 0.00023636666176435423, 0.00038949328646576027, 0.0003436598800752269, 0.0003975517979551291], [2.9308231329227645e-06, -1.0150210285120741e-07, -0.001462456843312144, 0.0013574284044559713, 0.00016443278612275183, 0.0007905853170472341, 0.000264851791576661, 0.0003957169726472347, 0.000328493664230576, 0.00031914677180447295, 0.00031973228831868125, 0.00029360652970147807, 0.00032600990177209964, 0.0003414587618401033, 0.0003295060378817572, 0.00031408725729399563, 0.0004087709432363725, 0.00030247845017649316, 0.0003196350933959737, 0.0002392839271508116, 0.0002486523339614215], [2.3707727123170634e-06, -4.374431887651058e-08, 0.0012083353948889814, 0.00017081904196445825, 0.000539641190001736, 0.000264851791576661, 0.0006418885314178268, 0.00027563879794384233, 0.0003764595860955543, 0.0003361013806959022, 0.00035127961431120723, 0.0003349080364017956, 0.00036180348270556395, 0.00037221929915722706, 0.00037455156089789864, 0.0003626233744870779, 0.0004383623721154065, 0.0003583500741153924, 0.00038042158678437373, 0.00031791549405380453, 0.00032243128518146306], [2.0260242855483353e-06, 4.714255053496864e-09, -0.00015292042415521894, 0.0004537064321854092, 0.00030416631377158876, 0.0003957169726472347, 0.00027563879794384233, 0.0006314640593217248, 0.0002809276384198927, 0.0003941511822652578, 0.0003689316524782011, 0.00037138108844683834, 0.0003922537307520217, 0.0004063818569418629, 0.0004180505819324295, 0.0004080377259669154, 0.00046717790615938076, 0.0004332686317910323, 0.00041976694469437976, 0.000370779732903736, 0.00035680613367230205], [1.762994526078472e-06, 4.236964961635806e-08, -0.00013901211170552294, 0.0002878090459345838, 0.0003099498485888782, 0.000328493664230576, 0.0003764595860955543, 0.0002809276384198927, 0.0006867458545618381, 0.0002801772037569861, 0.00044697664212451445, 0.0003826625060938554, 0.0004225204340906895, 0.0004369256755531123, 0.00045693855286299366, 0.0004448053909642175, 0.0004918361462944368, 0.00050463581998003, 0.0004410179227398561, 0.0003977832039226097, 0.00036327424603669494], [1.563670139700059e-06, 5.111289334288533e-08, 0.00012045758109181238, 0.0002341505204851867, 0.0002947312249415742, 0.00031914677180447295, 0.0003361013806959022, 0.0003941511822652578, 0.0002801772037569861, 0.0007159812778962273, 0.0003029738182502309, 0.0004553547171068851, 0.00043148427906935453, 0.0004601001372457835, 0.0004834387471008632, 0.0004985048408120168, 0.0005334838197732156, 0.0005488329231716599, 0.0005639910701367077, 0.0005699450604340059, 0.000555609125978276], [1.4654275559636737e-06, 8.767918936830913e-08, -0.0004601327588395371, 0.0002470418963868511, 0.0002624322968283003, 0.00031973228831868125, 0.00035127961431120723, 0.0003689316524782011, 0.00044697664212451445, 0.0003029738182502309, 0.0008129673777529216, 0.0003304195204688685, 0.0005039014012502556, 0.00048555047360306915, 0.0005318399714684015, 0.0005256772050951797, 0.0005547492349704965, 0.0006407557996414312, 0.0005305737827862214, 0.0005184983430585676, 0.00045952067034624373], [1.3241772345469495e-06, 8.715585530448953e-08, 0.0002128969382556657, 0.00015663396078741695, 0.0002669479190273687, 0.00029360652970147807, 0.0003349080364017956, 0.00037138108844683834, 0.0003826625060938554, 0.0004553547171068851, 0.0003304195204688685, 0.0009022157452663327, 0.00037294730526525333, 0.0005699139844693481, 0.0005506964612925617, 0.0006212788565316663, 0.0006242745792069163, 0.0007082191851466507, 0.0007590344461249551, 0.0008422298625940805, 0.0008277205118989885], [1.342415624612902e-06, 8.151709978840592e-08, 8.054585314964664e-05, 0.00022173975192481117, 0.00029507547253379573, 0.00032600990177209964, 0.00036180348270556395, 0.0003922537307520217, 0.0004225204340906895, 0.00043148427906935453, 0.0005039014012502556, 0.00037294730526525333, 0.0009534756711352065, 0.00039576297266209683, 0.0006453849697367074, 0.000616572528891891, 0.0006538590334063378, 0.0007404203142660378, 0.000753683524425562, 0.0008212245070098302, 0.0007930857651639331], [1.426319351267714e-06, 9.318215999049092e-08, -8.933313002237441e-05, 0.00026788426099439843, 0.00030738602497191943, 0.0003414587618401033, 0.00037221929915722706, 0.0004063818569418629, 0.0004369256755531123, 0.0004601001372457835, 0.00048555047360306915, 0.0005699139844693481, 0.00039576297266209683, 0.001085845804217841, 0.00046605271242497383, 0.0007401685828855468, 0.0006788816825527409, 0.0008417712582058281, 0.0008093569031306945, 0.0009006678900982761, 0.0008550996811699732], [1.2920459231143127e-06, 1.1193245616054048e-07, 1.9286739593071946e-06, 0.00020568350936256392, 0.00028693484937937643, 0.0003295060378817572, 0.00037455156089789864, 0.0004180505819324295, 0.00045693855286299366, 0.0004834387471008632, 0.0005318399714684015, 0.0005506964612925617, 0.0006453849697367074, 0.00046605271242497383, 0.0014502302906487536, 0.000509803620033301, 0.0008302850669703665, 0.0008938905646932245, 0.0009267114126006407, 0.0010358069283532448, 0.000992914030963295], [1.471643248425141e-06, 1.223421128463759e-07, 0.0004651120474014001, 0.00018109667608398616, 0.0002991272892010462, 0.00031408725729399563, 0.0003626233744870779, 0.0004080377259669154, 0.0004448053909642175, 0.0004985048408120168, 0.0005256772050951797, 0.0006212788565316663, 0.000616572528891891, 0.0007401685828855468, 0.000509803620033301, 0.001795508583198897, 0.0005625039125179954, 0.0011945827902686878, 0.001136668092103755, 0.0014283448793570902, 0.0014001670587505666], [1.608661244134247e-06, 6.076773172808809e-08, 0.0005822326732167015, 0.00033907008617971627, 0.00040874353235828055, 0.0004087709432363725, 0.0004383623721154065, 0.00046717790615938076, 0.0004918361462944368, 0.0005334838197732156, 0.0005547492349704965, 0.0006242745792069163, 0.0006538590334063378, 0.0006788816825527409, 0.0008302850669703665, 0.0005625039125179954, 0.001906615275552705, 0.0005897161431672799, 0.0012571832621508894, 0.001237934483465168, 0.001253052225133192], [1.8344785749768845e-06, 2.1621234257338583e-07, -0.00041046531944155225, 0.00019776863824204753, 0.00023636666176435423, 0.00030247845017649316, 0.0003583500741153924, 0.0004332686317910323, 0.00050463581998003, 0.0005488329231716599, 0.0006407557996414312, 0.0007082191851466507, 0.0007404203142660378, 0.0008417712582058281, 0.0008938905646932245, 0.0011945827902686878, 0.0005897161431672799, 0.0029500213478392003, 0.0008367688319621099, 0.0018307420948074798, 0.001634132149494534], [2.304070242155123e-06, 7.810729290423644e-08, 0.0022264391218231637, 0.00012945460116387452, 0.00038949328646576027, 0.0003196350933959737, 0.00038042158678437373, 0.00041976694469437976, 0.0004410179227398561, 0.0005639910701367077, 0.0005305737827862214, 0.0007590344461249551, 0.000753683524425562, 0.0008093569031306945, 0.0009267114126006407, 0.001136668092103755, 0.0012571832621508894, 0.0008367688319621099, 0.004278183972411925, 0.0016041001932792871, 0.0021314606011322837], [2.8445680438307577e-06, 1.2883606480034094e-07, 0.003031790997746186, -3.494228296290361e-06, 0.0003436598800752269, 0.0002392839271508116, 0.00031791549405380453, 0.000370779732903736, 0.0003977832039226097, 0.0005699450604340059, 0.0005184983430585676, 0.0008422298625940805, 0.0008212245070098302, 0.0009006678900982761, 0.0010358069283532448, 0.0014283448793570902, 0.001237934483465168, 0.0018307420948074798, 0.0016041001932792871, 0.005893519537122493, 0.004419458916087873], [7.5738061902173275e-06, -1.2427645142229234e-07, 0.0039329397189216105, -3.1938226436779176e-06, 0.0003975517979551291, 0.0002486523339614215, 0.00032243128518146306, 0.00035680613367230205, 0.00036327424603669494, 0.000555609125978276, 0.00045952067034624373, 0.0008277205118989885, 0.0007930857651639331, 0.0008550996811699732, 0.000992914030963295, 0.0014001670587505666, 0.001253052225133192, 0.001634132149494534, 0.0021314606011322837, 0.004419458916087873, 0.004534044242292229]], "errorsdict": {"survival_probability.SinSq2Theta13": 0.0022097016163949044, "survival_probability.DeltaMSq32": 5.594983667912311e-05, "neutrino_per_fission_factor.spec_scale_00": 0.23126985079919798, "neutrino_per_fission_factor.spec_scale_01": 0.07506732095772012, "neutrino_per_fission_factor.spec_scale_02": 0.036834094132536646, "neutrino_per_fission_factor.spec_scale_03": 0.028117349040178628, "neutrino_per_fission_factor.spec_scale_04": 0.025335519166139596, "neutrino_per_fission_factor.spec_scale_05": 0.025128948631443472, "neutrino_per_fission_factor.spec_scale_06": 0.026205836269080178, "neutrino_per_fission_factor.spec_scale_07": 0.026757826479298114, "neutrino_per_fission_factor.spec_scale_08": 0.02851258279694987, "neutrino_per_fission_factor.spec_scale_09": 0.03003690638641624, "neutrino_per_fission_factor.spec_scale_10": 0.03087840136948813, "neutrino_per_fission_factor.spec_scale_11": 0.03295217449908035, "neutrino_per_fission_factor.spec_scale_12": 0.03808188927362656, "neutrino_per_fission_factor.spec_scale_13": 0.04237344195600467, "neutrino_per_fission_factor.spec_scale_14": 0.04366480591452005, "neutrino_per_fission_factor.spec_scale_15": 0.05431409897843469, "neutrino_per_fission_factor.spec_scale_16": 0.06540782806676831, "neutrino_per_fission_factor.spec_scale_17": 0.0767692616684731, "neutrino_per_fission_factor.spec_scale_18": 0.0673353120011501}, "fun": 0.0, "names": ["survival_probability.SinSq2Theta13", "survival_probability.DeltaMSq32", "neutrino_per_fission_factor.spec_scale_00", "neutrino_per_fission_factor.spec_scale_01", "neutrino_per_fission_factor.spec_scale_02", "neutrino_per_fission_factor.spec_scale_03", "neutrino_per_fission_factor.spec_scale_04", "neutrino_per_fission_factor.spec_scale_05", "neutrino_per_fission_factor.spec_scale_06", "neutrino_per_fission_factor.spec_scale_07", "neutrino_per_fission_factor.spec_scale_08", "neutrino_per_fission_factor.spec_scale_09", "neutrino_per_fission_factor.spec_scale_10", "neutrino_per_fission_factor.spec_scale_11", "neutrino_per_fission_factor.spec_scale_12", "neutrino_per_fission_factor.spec_scale_13", "neutrino_per_fission_factor.spec_scale_14", "neutrino_per_fission_factor.spec_scale_15", "neutrino_per_fission_factor.spec_scale_16", "neutrino_per_fission_factor.spec_scale_17", "neutrino_per_fission_factor.spec_scale_18"], "nfev": 1201, "npars": 21, "success": true, "x": [0.0856, 0.002453, 0.0, 0.0, 0.0, 0.0, 0.0, 0.0, 0.0, 0.0, 0.0, 0.0, 0.0, 0.0, 0.0, 0.0, 0.0, 0.0, 0.0, 0.0, 0.0], "xdict": {"survival_probability.SinSq2Theta13": 0.0856, "survival_probability.DeltaMSq32": 0.002453, "neutrino_per_fission_factor.spec_scale_00": 0.0, "neutrino_per_fission_factor.spec_scale_01": 0.0, "neutrino_per_fission_factor.spec_scale_02": 0.0, "neutrino_per_fission_factor.spec_scale_03": 0.0, "neutrino_per_fission_factor.spec_scale_04": 0.0, "neutrino_per_fission_factor.spec_scale_05": 0.0, "neutrino_per_fission_factor.spec_scale_06": 0.0, "neutrino_per_fission_factor.spec_scale_07": 0.0, "neutrino_per_fission_factor.spec_scale_08": 0.0, "neutrino_per_fission_factor.spec_scale_09": 0.0, "neutrino_per_fission_factor.spec_scale_10": 0.0, "neutrino_per_fission_factor.spec_scale_11": 0.0, "neutrino_per_fission_factor.spec_scale_12": 0.0, "neutrino_per_fission_factor.spec_scale_13": 0.0, "neutrino_per_fission_factor.spec_scale_14": 0.0, "neutrino_per_fission_factor.spec_scale_15": 0.0, "neutrino_per_fission_factor.spec_scale_16": 0.0, "neutrino_per_fission_factor.spec_scale_17": 0.0, "neutrino_per_fission_factor.spec_scale_18": 0.0}, "errorsdict_profiled": {"survival_probability.DeltaMSq32": [-5.628835126645309e-05, 5.566340975937645e-05], "survival_probability.SinSq2Theta13": [-0.002211428591925957, 0.0022089688898468806]}}